push_swap
Libft autorisée
Trier les piles
Makefile, *.h, *.c
NAME, all, clean, fclean, re
pile a : une liste d’entiers
• read, write, malloc, free,
exit
• ft_printf et tout équivalent
que VOUS avez codé

787 116 78 -656 -318 306 7 -558 -709 281 -305 -372 -895 832 -546 -455 868 940 -21 864 -969 -538 726 -624 71 410 123 -471 654 400 492 672 433 125 379 93 370 -786 337 296 722 843 793 996 678 -939 856 -566 -813 426 -548 -335 429 995 306 836 -67 675 329 307 499 17 795 199 -305 -999 862 914 -695 -130 247 -636 -632 235 130 -387 -997 240 -920 322 601 -534 -80 -50 967 -868 -687 -294 -127 -718 -905 -628 538 211 -286 617 258 256 -17 -928 

787 116 78 -656 -318 306 7 -558 -709 281

787 116 78 -656 -318 306 7 -558 -709 281 -305 -372 -895 832 -546 -455 868 940 -21 864 -969

make && clear && valgrind --track-origins=yes ./push_swap 57 3 89 14 76 42 68 9 21 53 87 1 32 65 44 77 6 28 91 17 38 50 73 25 4 61 84 12 69 33 7 55 81 15 29 70 2 46 79 19 35 62 83 13 26 54 72 5 36 58 10 74 22 39 67 16 41 60 8 30 78 11 34 64 20 45 75 23 56 80 27 40 66 18 31 59 24 43 71 47 37 82 49 48 52 51 85 86 88 90 92 93 94 95 96 97 98 99 100 0 > test.txt

make && clear && valgrind --track-origins=yes ./push_swap 60 6 11 81 96 97 34 54 75 58 2 12 99 3 68 42 51 28 70 95 78 53 35 15 59 69 84 19 44 50 43 8 98 29 61 80 23 27 90 38 77 89 74 66 18 52 10 21 88 25 71 > test.txt

make && clear && valgrind --track-origins=yes ./push_swap 14 8 20 1 27 11 0 31 18 4 25 9 22 12 7 2 19 16 13 26 6 30 5 15 24 17 28 29 3 10 21 23 > test.txt